MDL16CS001 10 7 8 8.5 7 7 10 9 10
MDL16CS002 10 8 8 9 8 8 10 10 10
MDL16CS004 8 0 8.5 9 8 0 9 9 10
MDL16CS005 7 0 7 7 6 0 9 9 9
MDL16CS006 9 7 8.5 8.5 8 8 9 8 10
MDL16CS007 10 8.5 10 10 8.5 8 9 10 10
MDL16CS013 10 9 8 8 8 9 10 9 10
MDL16CS015 10 8.5 8 10 8.5 6 10 9 10
MDL16CS017 8.5 7 10 8.5 8 8.5 10 9 10
MDL16CS019 8.5 7 7 8 8.5 7 9 9 10
MDL16CS020 8 8.5 9 10 8 6 10 9 9
MDL16CS022 8 8 8 8 7 6 9 7 10
MDL16CS024 7 6 0 8 8 0 9 8.5 8.5
MDL16CS025 9 8 10 7 8 8 10 9 8.5
MDL16CS026 9 7 8 6 8 7 10 10 10
MDL16CS027 10 9 9 8.5 7 8 10 9 10
MDL16CS031 9 8 8 8 7 6 9 8 9
MDL16CS032 9 9 10 10 8 8 10 8 10
MDL16CS034 10 8.5 10 10 9 8.5 10 9 10
MDL16CS038 8.5 8 7 9 9 8.5 10 9 10
MDL16CS039 10 7 10 9 8.5 7 9 10 10
MDL16CS040 8.5 6 9 8.5 8 7 10 10 10
MDL16CS041 10 6 8 8 8 6 8.5 8 10
MDL16CS048 9 7 10 8.5 8 8 10 9 10
MDL16CS049 0 0 8.5 0 7 0 7 7 8.5
MDL16CS050 10 9 10 10 8 10 10 10 10
MDL16CS054 8 7 8.5 8.5 8 8 9 8.5 10
MDL16CS056 10 8.5 8 10 8 9 10 10 10
MDL16CS058 9 8 8.5 10 8.5 10 10 10 10
MDL16CS060 8 7 8.5 9 6 8 10 9 10
MDL16CS061 8 6 8 6 7 7 10 9 9
MDL16CS063 9 8 8.5 9 8 7 10 10 10
MDL16CS067 9 8 7 8.5 8 6 10 10 10
MDL16CS071 10 9 9 10 9 9 10 10 10
MDL16CS072 9 9 8.5 8 8.5 8 10 9 9
MDL16CS073 9 9 9 10 10 9 10 10 10
MDL16CS077 8.5 8 9 10 8 7 10 9 9
MDL16CS078 10 10 10 10 8 8.5 10 10 10
MDL16CS079 10 10 10 10 8 8 10 10 10
MDL16CS082 8.5 8 9 10 7 7 10 10 10
MDL16CS083 9 8 10 10 8.5 8 10 8.5 10
MDL16CS086 9 9 10 10 8 8 10 10 10
MDL16CS088 10 8.5 10 10 9 9 10 10 10
MDL16CS090 8 8 9 9 7 7 10 9 10
MDL16CS091 10 8.5 8.5 10 8 8.5 10 9 10
MDL16CS093 10 10 10 10 8 8.5 10 10 10
MDL16CS094 8.5 8.5 0 8.5 6 6 10 10 10
MDL16CS095 10 9 9 10 8.5 10 10 10 10
MDL16CS098 7 5 0 0 6 0 8.5 8 7
MDL16CS099 10 10 10 8 8 9 10 10 10
MDL16CS101 10 8 9 6 8.5 9 10 10 10
MDL16CS103 9 8.5 9 6 8 9 10 9 10
MDL16CS104 9 6 8 0 8 0 10 8.5 10
MDL16CS105 9 8 9 7 8 8 9 10 10
MDL16CS107 10 8.5 9 7 8.5 8 10 10 10
MDL16CS111 9 8 10 8 8.5 8 10 10 9
MDL16CS115 8.5 8.5 9 7 8 8 9 8.5 10
MDL16CS116 7 6 9 6 7 7 9 10 9
MDL16CS120 8 0 7 6 7 6 9 8 9
MDL16CS121 0 0 9 0 0 0 10 8.5 10
MDL16CS123 10 10 8.5 8 8.5 10 10 10 10 
